# Number of nodes: 10
# Number of edges in Barabasi graph: 3
# Messages 	 Different initial 	 Similar Initial 	 y_high_diff 	 y_low_diff 	 y_high_sim 	 y_low_sim 
1	55.958999999999996	43.675	47.8	64.3	36.7	51.2
2	57.208999999999996	49.398	50.7	67.9	42.0	57.6
3	58.18399999999997	49.07600000000003	49.4	69.8	41.1	57.0
4	58.67	49.321999999999996	49.4	68.8	43.1	56.4
5	59.22200000000004	48.84300000000001	49.9	70.6	39.4	56.7
6	60.60799999999999	48.839	53.0	72.7	42.0	56.4
7	58.74399999999998	49.710000000000015	51.0	67.2	42.0	57.0
8	58.729	49.757000000000005	49.0	69.7	42.0	58.0
9	59.815	49.20799999999999	53.0	73.0	41.3	58.0
10	60.900999999999975	48.61900000000001	53.0	71.8	40.0	57.0
