# Number of nodes: 10
# Number of edges in Barabasi graph: 3
# Graph 	 Messages 	 Different initial 	 Similar Initial
1	1	59.7	29.9
1	2	50.7	54.0
1	3	46.0	34.9
1	4	47.7	50.9
1	5	63.5	43.7
1	6	54.9	55.4
1	7	61.8	50.4
1	8	76.8	48.9
1	9	75.0	62.8
1	10	58.1	37.0
2	1	52.2	42.7
2	2	65.7	47.2
2	3	51.5	52.4
2	4	52.1	53.3
2	5	49.6	53.6
2	6	65.1	48.8
2	7	61.0	44.4
2	8	57.1	55.6
2	9	73.7	51.9
2	10	62.0	58.0
3	1	52.9	36.7
3	2	63.3	48.2
3	3	54.0	43.6
3	4	55.7	55.4
3	5	49.9	49.9
3	6	54.0	47.5
3	7	55.0	49.7
3	8	59.0	48.0
3	9	46.0	54.0
3	10	58.0	54.0
4	1	44.1	37.7
4	2	58.0	45.9
4	3	49.0	53.4
4	4	50.2	51.8
4	5	48.0	62.7
4	6	57.0	44.0
4	7	54.9	47.0
4	8	65.6	48.0
4	9	64.0	41.3
4	10	53.0	51.0
5	1	61.0	40.7
5	2	62.3	46.2
5	3	57.8	45.5
5	4	63.5	52.1
5	5	63.6	53.9
5	6	64.8	44.0
5	7	50.2	51.0
5	8	62.0	61.7
5	9	72.9	45.0
5	10	72.0	44.0
6	1	47.2	40.9
6	2	60.5	54.0
6	3	65.5	66.0
6	4	65.3	52.0
6	5	80.4	59.5
6	6	57.7	52.0
6	7	61.0	41.9
6	8	61.4	21.1
6	9	49.0	46.0
6	10	63.0	47.0
7	1	57.7	45.2
7	2	55.2	51.4
7	3	57.4	52.9
7	4	63.5	52.5
7	5	57.0	55.1
7	6	54.9	48.4
7	7	61.9	41.6
7	8	56.0	63.0
7	9	61.0	48.0
7	10	60.0	47.0
8	1	50.9	44.0
8	2	62.4	47.3
8	3	56.7	42.8
8	4	47.0	46.6
8	5	67.0	39.1
8	6	62.0	49.0
8	7	60.0	44.0
8	8	64.0	55.0
8	9	68.8	37.0
8	10	57.0	39.0
9	1	56.9	46.6
9	2	53.5	46.1
9	3	48.5	44.5
9	4	54.8	47.2
9	5	53.5	51.6
9	6	54.0	51.0
9	7	57.0	49.0
9	8	49.0	46.0
9	9	58.0	61.0
9	10	58.0	57.0
10	1	61.5	56.7
10	2	52.1	48.6
10	3	50.7	40.9
10	4	65.4	53.7
10	5	58.8	38.0
10	6	65.9	52.1
10	7	56.2	43.1
10	8	58.0	57.0
10	9	58.0	58.0
10	10	56.0	56.3
11	1	57.1	42.2
11	2	51.2	36.8
11	3	57.7	44.7
11	4	52.5	50.4
11	5	57.3	53.9
11	6	56.9	47.6
11	7	64.0	54.9
11	8	58.0	59.0
11	9	74.9	43.9
11	10	54.0	35.8
12	1	54.9	38.4
12	2	59.8	51.6
12	3	52.4	52.5
12	4	58.1	53.0
12	5	61.6	51.1
12	6	57.2	49.0
12	7	54.6	49.7
12	8	59.7	46.9
12	9	60.2	44.0
12	10	51.0	50.0
13	1	56.4	50.0
13	2	53.1	57.6
13	3	53.2	41.8
13	4	54.3	51.7
13	5	51.0	43.5
13	6	56.0	48.5
13	7	51.0	50.9
13	8	47.0	49.0
13	9	57.0	52.0
13	10	64.0	46.0
14	1	47.9	40.5
14	2	68.3	45.7
14	3	53.5	48.7
14	4	54.4	46.4
14	5	75.9	40.9
14	6	50.9	36.6
14	7	56.8	31.4
14	8	50.8	52.0
14	9	73.3	49.9
14	10	46.0	54.0
15	1	53.7	43.9
15	2	62.7	54.2
15	3	51.5	46.6
15	4	61.1	36.3
15	5	59.0	53.1
15	6	65.9	54.9
15	7	57.1	60.2
15	8	72.0	38.7
15	9	55.0	44.0
15	10	62.1	62.0
16	1	60.0	47.0
16	2	58.0	45.5
16	3	48.9	43.5
16	4	53.2	48.0
16	5	56.1	51.6
16	6	49.0	41.0
16	7	58.7	52.5
16	8	54.0	53.0
16	9	62.0	54.9
16	10	59.0	49.0
17	1	55.2	39.3
17	2	60.3	38.6
17	3	58.3	50.4
17	4	58.9	41.2
17	5	62.5	55.5
17	6	60.8	46.9
17	7	69.0	52.0
17	8	63.0	42.0
17	9	56.0	52.0
17	10	63.0	43.0
18	1	52.0	43.0
18	2	51.6	49.2
18	3	50.8	47.9
18	4	60.9	52.3
18	5	56.0	49.0
18	6	49.0	51.0
18	7	60.0	42.0
18	8	52.0	43.2
18	9	53.0	46.0
18	10	53.0	61.0
19	1	61.6	37.1
19	2	53.0	50.1
19	3	64.4	49.7
19	4	63.8	43.1
19	5	64.6	41.6
19	6	57.0	62.5
19	7	54.6	49.0
19	8	59.0	57.0
19	9	65.0	59.0
19	10	61.0	55.0
20	1	46.9	40.6
20	2	49.9	57.9
20	3	54.0	48.2
20	4	50.0	51.6
20	5	44.0	53.6
20	6	57.0	48.0
20	7	51.0	44.6
20	8	69.0	47.0
20	9	58.0	44.3
20	10	57.0	48.0
21	1	53.4	45.1
21	2	60.3	45.6
21	3	67.9	57.0
21	4	55.7	50.1
21	5	45.3	45.8
21	6	64.9	38.0
21	7	62.0	51.0
21	8	56.4	54.0
21	9	51.0	42.2
21	10	55.0	43.0
22	1	59.1	47.8
22	2	54.5	44.6
22	3	52.1	39.8
22	4	63.3	47.2
22	5	67.9	46.4
22	6	63.5	42.1
22	7	50.8	48.0
22	8	61.2	43.2
22	9	51.0	40.0
22	10	62.0	50.0
23	1	54.5	49.6
23	2	59.6	45.0
23	3	64.0	53.4
23	4	57.8	61.5
23	5	56.2	38.0
23	6	54.6	54.1
23	7	60.8	63.9
23	8	68.0	38.6
23	9	59.0	54.0
23	10	69.0	50.0
24	1	52.0	42.0
24	2	58.5	53.3
24	3	54.6	50.7
24	4	72.4	52.8
24	5	58.5	45.4
24	6	80.3	50.4
24	7	71.1	30.7
24	8	64.9	54.8
24	9	57.0	50.0
24	10	75.6	47.0
25	1	57.4	50.0
25	2	51.5	52.3
25	3	55.6	50.2
25	4	56.1	50.1
25	5	59.4	63.3
25	6	68.9	54.9
25	7	67.0	51.1
25	8	66.0	32.0
25	9	55.0	39.0
25	10	51.0	43.0
26	1	62.7	33.3
26	2	70.3	64.0
26	3	60.9	59.4
26	4	66.1	52.7
26	5	61.9	39.6
26	6	58.7	42.9
26	7	62.9	47.9
26	8	47.2	50.0
26	9	55.0	46.0
26	10	66.0	49.9
27	1	50.5	57.5
27	2	61.8	53.5
27	3	74.0	53.7
27	4	54.3	57.2
27	5	69.8	30.6
27	6	72.4	51.7
27	7	53.9	45.7
27	8	58.0	46.0
27	9	73.0	51.9
27	10	66.9	43.0
28	1	51.5	53.2
28	2	60.5	52.8
28	3	60.6	45.5
28	4	60.3	52.7
28	5	50.1	51.1
28	6	63.0	46.5
28	7	72.3	45.7
28	8	53.0	46.0
28	9	56.0	57.0
28	10	67.0	44.1
29	1	59.1	46.2
29	2	54.3	53.1
29	3	61.8	46.4
29	4	55.7	53.3
29	5	51.0	51.4
29	6	61.2	57.3
29	7	64.0	57.0
29	8	55.8	58.0
29	9	55.0	53.0
29	10	61.0	51.0
30	1	48.6	42.7
30	2	56.3	44.7
30	3	59.6	51.1
30	4	52.1	52.2
30	5	45.3	47.0
30	6	55.5	48.1
30	7	59.0	56.0
30	8	54.0	58.0
30	9	54.0	39.0
30	10	63.0	47.0
31	1	56.7	37.2
31	2	51.4	40.9
31	3	57.7	46.9
31	4	64.0	43.4
31	5	60.0	42.1
31	6	54.5	58.9
31	7	64.2	47.0
31	8	55.6	50.0
31	9	64.0	53.0
31	10	55.0	56.0
32	1	56.0	46.5
32	2	58.5	52.6
32	3	59.2	46.3
32	4	55.6	48.0
32	5	50.0	45.8
32	6	64.0	48.6
32	7	58.0	46.6
32	8	54.0	48.0
32	9	58.0	47.0
32	10	60.0	48.0
33	1	44.1	43.8
33	2	52.6	40.8
33	3	62.5	46.8
33	4	57.8	53.8
33	5	52.8	49.3
33	6	52.0	56.0
33	7	60.0	42.0
33	8	53.0	47.0
33	9	64.0	48.0
33	10	46.0	50.0
34	1	58.9	43.1
34	2	41.6	35.3
34	3	69.4	48.4
34	4	65.7	49.4
34	5	59.8	47.7
34	6	54.6	57.8
34	7	48.0	46.9
34	8	56.0	45.0
34	9	54.0	53.1
34	10	60.0	49.0
35	1	68.2	55.1
35	2	70.9	49.5
35	3	49.7	49.6
35	4	58.1	59.0
35	5	59.9	55.8
35	6	57.0	49.0
35	7	73.7	53.2
35	8	65.9	56.9
35	9	63.0	42.0
35	10	62.0	54.0
36	1	45.3	45.5
36	2	55.7	62.7
36	3	60.7	51.3
36	4	55.4	51.3
36	5	45.0	41.6
36	6	56.0	50.2
36	7	54.0	54.6
36	8	59.0	57.1
36	9	53.9	54.0
36	10	54.0	50.0
37	1	64.0	39.8
37	2	53.1	45.3
37	3	46.0	56.2
37	4	53.2	56.1
37	5	62.8	47.9
37	6	53.4	28.8
37	7	52.9	51.1
37	8	49.9	57.6
37	9	53.9	42.2
37	10	56.0	31.3
38	1	54.7	39.2
38	2	57.3	52.2
38	3	61.8	54.6
38	4	50.4	54.2
38	5	56.0	50.7
38	6	69.0	50.0
38	7	66.0	55.8
38	8	55.0	42.0
38	9	63.0	54.0
38	10	66.0	57.0
39	1	71.0	42.9
39	2	59.6	36.3
39	3	54.0	50.4
39	4	44.5	46.9
39	5	60.9	49.7
39	6	60.0	44.9
39	7	51.0	57.0
39	8	47.2	49.0
39	9	73.0	54.1
39	10	60.0	48.0
40	1	54.2	48.3
40	2	60.4	69.1
40	3	49.8	48.8
40	4	65.0	43.8
40	5	61.9	42.8
40	6	49.9	55.1
40	7	57.9	36.6
40	8	75.0	50.9
40	9	63.0	50.9
40	10	54.9	71.0
41	1	53.8	44.5
41	2	57.9	59.8
41	3	58.2	56.5
41	4	56.8	59.4
41	5	62.2	47.6
41	6	64.0	52.0
41	7	54.0	48.0
41	8	57.0	47.0
41	9	61.0	49.0
41	10	73.0	48.0
42	1	49.0	28.6
42	2	53.2	67.5
42	3	60.3	43.4
42	4	62.2	49.0
42	5	48.7	53.8
42	6	65.7	44.1
42	7	59.2	49.9
42	8	66.8	45.0
42	9	50.0	29.1
42	10	67.0	51.0
43	1	42.6	28.2
43	2	72.3	50.6
43	3	77.9	34.3
43	4	49.7	54.3
43	5	54.9	52.0
43	6	57.0	49.9
43	7	70.7	52.9
43	8	71.4	54.0
43	9	55.7	48.0
43	10	76.9	43.0
44	1	57.0	40.2
44	2	51.5	57.7
44	3	51.4	48.2
44	4	55.3	53.5
44	5	51.3	53.2
44	6	58.0	46.0
44	7	59.0	53.8
44	8	56.0	49.0
44	9	61.0	47.0
44	10	55.0	39.0
45	1	58.5	51.2
45	2	50.7	40.7
45	3	64.8	59.3
45	4	63.8	40.0
45	5	64.0	49.5
45	6	59.0	51.0
45	7	67.2	45.0
45	8	63.0	54.0
45	9	53.0	50.0
45	10	61.0	47.0
46	1	51.5	42.0
46	2	57.9	47.9
46	3	54.0	57.0
46	4	51.5	45.3
46	5	44.8	52.6
46	6	56.6	54.0
46	7	66.8	55.1
46	8	47.1	48.4
46	9	59.0	52.0
46	10	51.0	54.0
47	1	60.1	42.2
47	2	55.7	43.2
47	3	59.0	46.3
47	4	46.4	52.4
47	5	55.3	52.0
47	6	60.7	54.0
47	7	50.0	57.0
47	8	49.0	57.0
47	9	58.0	57.0
47	10	70.0	41.0
48	1	51.4	49.4
48	2	52.0	51.4
48	3	61.7	47.3
48	4	59.0	56.4
48	5	51.0	45.0
48	6	53.1	46.0
48	7	53.0	57.6
48	8	50.0	47.0
48	9	63.0	51.0
48	10	57.0	53.0
49	1	53.4	43.8
49	2	58.6	54.3
49	3	70.9	48.4
49	4	53.8	47.4
49	5	70.5	51.3
49	6	56.8	52.9
49	7	62.5	44.0
49	8	69.6	65.6
49	9	58.0	67.0
49	10	56.9	48.9
50	1	61.3	45.2
50	2	59.5	48.2
50	3	53.2	47.8
50	4	52.4	45.1
50	5	59.2	52.1
50	6	57.0	53.9
50	7	50.0	49.0
50	8	59.0	48.0
50	9	57.0	52.0
50	10	58.0	54.0
51	1	62.3	43.6
51	2	51.3	55.9
51	3	68.0	53.6
51	4	61.1	44.9
51	5	59.4	48.0
51	6	54.2	53.0
51	7	60.2	48.9
51	8	46.0	59.0
51	9	68.0	49.0
51	10	58.0	50.0
52	1	50.8	38.5
52	2	51.0	42.9
52	3	56.9	45.3
52	4	63.5	46.3
52	5	49.0	48.0
52	6	71.0	40.0
52	7	51.0	48.0
52	8	55.0	52.3
52	9	59.0	50.0
52	10	59.0	42.0
53	1	49.1	42.1
53	2	61.1	42.0
53	3	51.7	45.7
53	4	59.2	53.2
53	5	58.0	49.5
53	6	58.7	53.4
53	7	55.0	47.0
53	8	44.0	46.0
53	9	60.2	44.0
53	10	59.0	44.0
54	1	72.2	29.1
54	2	68.0	47.7
54	3	72.1	48.6
54	4	82.7	46.9
54	5	73.1	40.9
54	6	75.9	52.0
54	7	71.0	43.8
54	8	74.3	47.0
54	9	61.1	49.0
54	10	73.8	44.0
55	1	51.0	41.9
55	2	52.2	46.2
55	3	50.2	59.9
55	4	62.7	48.9
55	5	50.0	38.3
55	6	56.7	43.0
55	7	62.4	50.8
55	8	55.7	50.0
55	9	60.0	53.0
55	10	54.0	49.0
56	1	53.5	50.4
56	2	54.5	50.6
56	3	62.7	46.4
56	4	47.6	43.4
56	5	69.5	39.4
56	6	53.0	58.7
56	7	57.0	51.0
56	8	50.5	54.0
56	9	54.0	44.0
56	10	64.0	49.0
57	1	57.0	42.0
57	2	57.7	46.7
57	3	47.1	45.0
57	4	51.4	45.6
57	5	60.8	49.5
57	6	57.8	45.5
57	7	43.0	54.8
57	8	59.0	58.0
57	9	55.0	47.0
57	10	64.2	48.0
58	1	68.7	35.4
58	2	59.4	57.9
58	3	62.1	41.8
58	4	68.8	43.4
58	5	54.9	43.5
58	6	78.8	48.2
58	7	56.0	53.2
58	8	60.0	52.9
58	9	77.0	37.0
58	10	73.9	51.0
59	1	54.4	36.7
59	2	53.7	39.4
59	3	60.5	59.4
59	4	53.7	51.2
59	5	61.0	49.0
59	6	55.6	42.0
59	7	60.0	52.0
59	8	65.0	45.0
59	9	65.0	55.0
59	10	63.0	48.0
60	1	48.4	41.2
60	2	60.3	55.0
60	3	55.2	43.1
60	4	63.4	38.8
60	5	54.3	46.8
60	6	70.4	48.4
60	7	55.2	53.7
60	8	56.0	39.2
60	9	55.0	50.0
60	10	62.0	45.0
61	1	57.5	43.1
61	2	51.7	49.3
61	3	55.6	39.6
61	4	57.4	51.5
61	5	52.0	49.8
61	6	55.7	48.0
61	7	55.0	54.8
61	8	49.0	53.0
61	9	57.0	58.0
61	10	60.0	48.0
62	1	47.7	47.6
62	2	67.9	50.9
62	3	58.4	42.9
62	4	69.8	48.9
62	5	57.7	38.5
62	6	62.7	56.4
62	7	57.9	54.0
62	8	59.0	49.0
62	9	64.0	43.0
62	10	63.0	45.6
63	1	60.7	44.1
63	2	59.6	44.4
63	3	64.3	43.6
63	4	57.2	54.4
63	5	66.3	39.3
63	6	52.8	49.0
63	7	66.0	60.0
63	8	64.4	58.0
63	9	63.0	42.0
63	10	49.0	52.0
64	1	53.3	44.0
64	2	56.8	50.8
64	3	58.2	53.0
64	4	63.8	46.5
64	5	56.6	58.4
64	6	59.0	49.9
64	7	59.4	51.0
64	8	57.0	51.8
64	9	57.0	45.3
64	10	52.0	42.0
65	1	56.0	43.1
65	2	58.5	44.7
65	3	54.4	38.3
65	4	47.0	33.9
65	5	62.0	50.9
65	6	54.3	44.1
65	7	67.2	27.3
65	8	73.6	42.0
65	9	57.0	47.0
65	10	64.7	52.9
66	1	47.4	47.6
66	2	37.5	45.7
66	3	61.5	44.5
66	4	62.5	45.4
66	5	54.9	51.9
66	6	62.5	51.0
66	7	51.0	53.7
66	8	64.0	45.0
66	9	54.0	42.0
66	10	48.0	49.0
67	1	63.5	43.3
67	2	54.6	52.1
67	3	63.3	46.1
67	4	60.8	32.4
67	5	73.2	44.9
67	6	67.7	32.0
67	7	76.9	53.0
67	8	59.7	52.0
67	9	59.0	52.0
67	10	71.8	57.0
68	1	44.1	47.7
68	2	64.9	49.1
68	3	77.1	49.9
68	4	68.2	47.3
68	5	60.8	42.7
68	6	62.2	43.0
68	7	57.0	47.8
68	8	65.0	53.9
68	9	51.0	49.0
68	10	65.9	43.0
69	1	47.8	42.1
69	2	56.4	54.6
69	3	57.1	62.9
69	4	55.7	51.6
69	5	59.8	53.8
69	6	65.5	48.0
69	7	48.0	50.0
69	8	53.4	50.0
69	9	55.0	41.0
69	10	53.0	57.0
70	1	56.4	48.5
70	2	63.0	48.7
70	3	49.1	67.7
70	4	52.8	53.0
70	5	69.1	56.3
70	6	74.1	53.5
70	7	51.9	57.0
70	8	50.8	33.0
70	9	73.0	47.1
70	10	53.0	52.0
71	1	63.8	62.9
71	2	71.5	39.9
71	3	69.8	51.5
71	4	53.8	55.2
71	5	74.9	51.7
71	6	76.2	67.3
71	7	65.0	58.0
71	8	69.7	35.9
71	9	82.8	25.9
71	10	71.9	49.0
72	1	53.0	50.4
72	2	39.1	39.0
72	3	55.7	56.5
72	4	62.6	46.0
72	5	47.8	57.7
72	6	50.0	51.3
72	7	54.2	53.4
72	8	58.0	42.0
72	9	55.0	49.0
72	10	53.0	54.0
73	1	56.7	44.0
73	2	72.0	47.8
73	3	49.7	52.3
73	4	79.3	45.8
73	5	69.1	42.9
73	6	57.0	47.5
73	7	57.9	52.8
73	8	58.0	49.0
73	9	54.0	69.7
73	10	59.0	47.0
74	1	56.9	46.2
74	2	69.1	53.9
74	3	74.0	48.7
74	4	84.6	40.0
74	5	76.3	45.7
74	6	76.2	46.9
74	7	59.9	52.6
74	8	50.9	50.8
74	9	54.0	72.9
74	10	61.9	54.0
75	1	71.5	35.4
75	2	47.6	45.8
75	3	70.2	46.3
75	4	45.2	46.6
75	5	68.4	50.9
75	6	58.0	52.8
75	7	44.9	37.6
75	8	50.9	56.9
75	9	57.0	52.9
75	10	61.0	40.0
76	1	62.5	50.2
76	2	65.1	51.6
76	3	51.0	49.0
76	4	49.4	54.5
76	5	74.1	60.6
76	6	67.1	48.0
76	7	74.0	51.0
76	8	58.9	44.0
76	9	61.9	59.0
76	10	67.9	56.0
77	1	58.5	46.7
77	2	51.7	50.0
77	3	53.1	49.3
77	4	58.1	53.0
77	5	49.9	55.9
77	6	58.0	54.0
77	7	60.0	50.0
77	8	57.0	50.0
77	9	55.0	53.0
77	10	62.0	48.0
78	1	65.5	39.3
78	2	51.8	43.5
78	3	65.4	46.6
78	4	64.0	57.8
78	5	57.6	54.8
78	6	72.7	43.9
78	7	56.7	54.0
78	8	73.0	51.0
78	9	64.7	36.0
78	10	65.0	54.0
79	1	48.9	46.6
79	2	56.1	57.0
79	3	57.7	49.1
79	4	65.5	43.2
79	5	62.4	56.7
79	6	57.0	54.5
79	7	58.2	48.0
79	8	50.0	54.0
79	9	61.0	44.0
79	10	56.0	57.0
80	1	51.8	51.7
80	2	60.0	45.3
80	3	49.4	49.4
80	4	43.0	32.7
80	5	52.0	50.0
80	6	53.0	39.0
80	7	53.0	42.0
80	8	58.0	51.0
80	9	56.0	48.0
80	10	67.0	57.0
81	1	64.3	30.5
81	2	76.2	57.0
81	3	44.2	55.6
81	4	55.8	47.8
81	5	60.1	35.8
81	6	56.8	48.2
81	7	60.7	59.9
81	8	67.8	39.9
81	9	65.0	50.0
81	10	51.0	44.0
82	1	59.6	54.4
82	2	48.4	46.9
82	3	57.1	49.1
82	4	51.2	55.8
82	5	54.2	58.4
82	6	72.7	33.2
82	7	65.0	46.0
82	8	59.0	47.0
82	9	56.0	44.0
82	10	62.0	55.0
83	1	56.3	40.5
83	2	52.6	47.2
83	3	59.9	52.0
83	4	56.2	46.2
83	5	55.0	43.2
83	6	58.0	48.3
83	7	39.7	48.1
83	8	50.5	45.0
83	9	49.0	49.0
83	10	60.0	39.4
84	1	68.9	42.8
84	2	55.1	48.1
84	3	70.0	68.1
84	4	61.7	42.4
84	5	67.6	37.2
84	6	68.8	47.8
84	7	60.8	49.8
84	8	48.8	49.0
84	9	55.0	50.9
84	10	67.0	37.1
85	1	59.9	31.9
85	2	64.2	46.6
85	3	49.9	37.5
85	4	74.1	57.5
85	5	54.6	57.0
85	6	55.6	44.0
85	7	62.0	55.9
85	8	56.0	42.9
85	9	67.0	48.1
85	10	75.9	36.0
86	1	49.4	36.8
86	2	46.9	58.1
86	3	60.9	51.7
86	4	59.1	57.3
86	5	63.7	53.9
86	6	58.6	43.9
86	7	60.4	48.6
86	8	62.1	52.0
86	9	55.0	50.0
86	10	55.0	47.0
87	1	51.6	52.3
87	2	50.3	54.4
87	3	61.7	48.5
87	4	47.9	50.9
87	5	67.0	38.4
87	6	58.9	58.0
87	7	56.0	45.2
87	8	50.0	49.0
87	9	57.0	47.0
87	10	55.0	49.0
88	1	59.0	44.6
88	2	58.0	46.2
88	3	57.3	51.6
88	4	61.6	50.0
88	5	70.6	42.8
88	6	71.9	43.7
88	7	60.0	55.8
88	8	67.0	45.0
88	9	59.9	49.9
88	10	67.0	40.0
89	1	63.6	45.3
89	2	52.6	53.8
89	3	63.3	52.1
89	4	61.8	49.0
89	5	71.7	52.1
89	6	56.7	55.4
89	7	58.1	47.0
89	8	69.0	57.0
89	9	65.0	45.0
89	10	63.0	51.0
90	1	53.2	44.8
90	2	51.3	53.5
90	3	46.2	36.8
90	4	36.1	61.2
90	5	54.0	42.4
90	6	60.9	52.6
90	7	56.1	40.2
90	8	59.0	46.0
90	9	48.1	50.0
90	10	60.0	48.0
91	1	65.5	43.6
91	2	56.4	46.0
91	3	73.6	49.8
91	4	71.8	49.3
91	5	50.5	48.5
91	6	73.8	29.0
91	7	74.9	52.0
91	8	72.8	51.0
91	9	73.9	49.0
91	10	54.0	49.0
92	1	50.7	45.2
92	2	53.9	49.4
92	3	56.3	48.4
92	4	66.2	53.7
92	5	53.2	59.3
92	6	57.0	48.7
92	7	59.6	64.0
92	8	52.0	51.0
92	9	57.0	64.0
92	10	68.0	42.0
93	1	54.0	41.1
93	2	45.0	56.6
93	3	55.9	40.1
93	4	54.8	54.7
93	5	63.1	49.3
93	6	67.3	60.3
93	7	56.0	54.0
93	8	60.2	61.0
93	9	52.0	47.0
93	10	62.0	45.0
94	1	62.6	48.8
94	2	56.2	47.4
94	3	65.4	41.1
94	4	67.8	49.5
94	5	58.6	50.5
94	6	64.8	46.7
94	7	64.3	47.0
94	8	67.0	60.8
94	9	72.5	54.0
94	10	60.0	63.0
95	1	50.4	46.7
95	2	60.0	44.1
95	3	54.9	55.4
95	4	58.4	43.9
95	5	56.1	56.3
95	6	53.0	39.7
95	7	52.1	52.5
95	8	57.0	47.7
95	9	54.2	52.0
95	10	62.0	54.0
96	1	63.8	34.8
96	2	63.6	48.3
96	3	61.0	38.3
96	4	71.5	46.8
96	5	63.7	53.9
96	6	58.8	50.9
96	7	64.0	54.8
96	8	58.0	50.8
96	9	69.6	61.0
96	10	70.9	33.0
97	1	69.0	50.0
97	2	53.7	51.0
97	3	53.0	49.1
97	4	54.4	48.2
97	5	52.7	45.5
97	6	67.7	50.8
97	7	54.9	36.5
97	8	76.9	52.0
97	9	62.3	43.0
97	10	74.0	52.0
98	1	42.4	41.2
98	2	67.4	51.2
98	3	58.2	53.7
98	4	76.9	33.0
98	5	76.8	56.0
98	6	73.5	56.4
98	7	59.2	51.0
98	8	55.3	54.0
98	9	56.0	54.0
98	10	69.9	41.0
99	1	58.2	51.8
99	2	51.4	45.6
99	3	67.6	56.6
99	4	60.2	58.5
99	5	61.6	51.5
99	6	45.9	45.6
99	7	55.0	57.1
99	8	45.3	56.8
99	9	53.0	36.4
99	10	56.0	45.0
100	1	52.3	47.8
100	2	64.0	49.0
100	3	45.4	50.2
100	4	57.9	46.2
100	5	56.8	44.0
100	6	55.0	49.1
100	7	53.0	45.0
100	8	56.0	50.9
100	9	56.0	54.2
100	10	58.0	51.6
